1040
1070
1101
1080
1058
1089
1066
1049
1081
1041
1014
1030
1066
1094
1072
1051
1035
1076
1055
1034
1017
1004
1000
1046
1078
1105
1081
1108
1080
1059
1076
1057
1036
1068
1103
1111
1135
1157
1131
1160
1184
1155
1182
1154
1175
1202
1174
1145
1173
1199
1222
1204
1202
1228
1203
1183
1156
1198
1221
1248
1294
1321
1306
1308
1288
1262
1287
1309
1328
1350
1373
1381
1405
1383
1362
1338
1318
1298
1318
1298
1274
1249
1223
1244
1222
1225
1230
1275
1303
1322
1306
1261
1238
1211
1188
1159
1186
1214
1190
1210
1183
1208
1178
1201
1173
1175
1198
1176
1175
1203
1183
1205
1155
1129
1154
1089
1122
1144
1169
1143
1169
1148
1177
1199
1226
1200
1227
1198
1203
1229
1225
1253
1279
1256
1226
1206
1181
1200
1170
1149
1170
1196
1223
1245
1222
1151
1175
1196
1173
1201
1226
1201
1223
1247
1271
1250
1226
1253
1283
1258
1280
1289
1261
1281
1253
1227
1203
1229
1245
1218
1213
1187
1208
1182
1205
1227
1253
1280
1302
1324
1304
1286
1261
1289
1318
1215
1240
1266
1239
1212
1167
1191
1163
1190
1165
1144
1116
1138
1111
1132
1154
1178
1206
1226
1203
1180
1208
1185
1135
1108
1133
