1040
1072
1047
1087
1058
1088
1116
1140
1111
1083
1028
1014
1052
1079
1059
1089
1066
1045
1097
1119
1143
1120
1095
1119
1091
1067
1096
1123
1098
1068
1046
1079
1108
1133
1157
1134
1157
1129
1104
1130
1129
1157
1128
1106
1078
1111
1086
1110
1133
1160
1183
1160
1185
1160
1140
1119
1143
1123
1125
1154
1152
1095
1051
1084
1065
1081
1113
1140
1163
1134
1155
1132
1111
1133
1156
1129
1151
1125
1101
1080
1107
1084
1114
1137
1114
1135
1155
1131
1105
1083
1055
1040
1022
1057
1039
1023
1060
1094
1119
1098
1123
1097
1121
1096
1123
1098
1073
1097
1126
1102
1127
1154
1129
1105
1081
1057
1060
1045
1075
1052
1084
1113
1135
1109
1133
1161
1185
1160
1135
1161
1185
1138
1160
1135
1158
1183
1161
1184
1204
1176
1233
1208
1230
1252
1199
1225
1175
1148
1174
1197
1223
1223
1244
1268
1294
1243
1214
1213
1235
1279
1250
1276
1248
1224
1252
1302
1324
1346
1368
1346
1324
1302
1284
1304
1327
1304
1285
1308
1331
1307
1287
1264
1236
1257
1237
1214
1242
1266
1242
1214
1191
1212
1161
1188
1165
1188
1164
1193
1166
1194
1216
1243
