1000
1045
1074
1099
1129
1102
1145
1145
1122
1098
1124
1149
1123
1142
1114
1091
1120
1096
1121
1147
1169
1141
1121
1150
1172
1147
1098
1122
1095
1028
1014
1050
1087
1114
1094
1119
1116
1090
1113
1071
1097
1125
1099
1073
1097
1073
1098
1076
1105
1076
1091
1068
1096
1119
1095
1118
1093
1070
1094
1116
1089
1116
1140
1110
1132
1159
1113
1135
1156
1129
1107
1084
1062
1041
1080
1055
1035
1075
1103
1059
1094
1119
1148
1169
1144
1117
1139
1159
1135
1161
1183
1204
1178
1155
1133
1105
1134
1157
1134
1153
1154
1177
1200
1171
1146
1120
1143
1169
1143
1166
1140
1117
1090
1120
1101
1077
1111
1088
1120
1142
1116
1141
1118
1141
1160
1207
1235
1262
1233
1256
1234
1259
1230
1252
1273
1250
1273
1268
1240
1221
1218
1195
1166
1189
1164
1189
1161
1138
1164
1136
1163
1184
1206
1151
1124
1097
1123
1119
1141
1118
1141
1165
1164
1119
1142
1169
1146
1170
1195
1167
1193
1218
1188
1166
1189
1164
1191
1146
1126
1148
1173
1122
1095
1074
1105
1128
1103
1128
1150
1129
1155
1134
1110
1089
1067
1100
1107
1081
1109
1133
1105
1078
1105
1078
1103
1149
1171
1144
1121
