1045
1065
1093
1120
1098
1122
1144
1116
1092
1118
1096
1073
1080
1061
1115
1137
1112
1088
1045
1030
1017
1070
1064
1094
1122
1126
1127
1149
1172
1193
1219
1192
1164
1188
1216
1189
1217
1189
1215
1189
1212
1184
1157
1079
1054
1038
1070
1096
1125
1078
1107
1080
1109
1065
1046
1032
1000
1000
1000
1043
1027
1060
1038
1024
1065
1045
1026
1064
1092
1067
1029
1062
1103
1130
1153
1174
1196
1172
1144
1170
1189
1162
1187
1214
1189
1167
1143
1116
1139
1108
1080
1111
1090
1119
1119
1097
1121
1099
1125
1153
1181
1153
1129
1155
1134
1162
1182
1206
1227
1199
1176
1148
1120
1141
1164
1138
1161
1137
1109
1081
1108
1132
1156
1131
1106
1135
1166
1143
1117
1067
1078
1102
1128
1102
1078
1129
1153
1126
1105
1130
1151
1128
1083
1094
1072
1037
1020
1064
1046
1104
1083
1106
1079
1057
1027
1063
1094
1122
1095
1074
1056
1090
1066
1049
1034
1071
1050
1082
1077
1057
1023
1009
1047
1027
1067
1048
1082
1104
1127
1080
1106
1081
1109
1081
1107
1153
1122
1101
1167
1140
1168
1189
1210
1183
1155
1133
1109
1108
1079
1108
1130
1174
1145
1172
1151
1128
1102
