1000
1049
1030
1066
1093
1115
1093
1071
1048
1080
1058
1089
1068
1050
1079
1059
1042
1073
1052
1031
1070
1104
1076
1105
1128
1150
1179
1151
1177
1176
1197
1167
1188
1162
1140
1114
1088
1071
1097
1121
1142
1115
1066
1068
1097
1071
1096
1072
1103
1120
1074
1103
1130
1156
1179
1157
1130
1157
1186
1164
1185
1211
1236
1190
1213
1238
1215
1243
1227
1250
1249
1222
1223
1196
1218
1191
1162
1136
1157
1178
1204
1228
1209
1233
1257
1281
1309
1332
1313
1291
1295
1299
1243
1200
1200
1178
1151
1175
1146
1118
1093
1120
1097
1071
1096
1122
1147
1110
1139
1111
1088
1110
1085
1109
1081
1062
1097
1070
1052
1037
1024
1058
1042
1025
1063
1043
1078
1102
1125
1099
1123
1147
1174
1148
1141
1164
1195
1219
1223
1194
1171
1192
1170
1191
1211
1234
1211
1161
1142
1116
1139
1165
1185
1157
1132
1154
1130
1151
1128
1155
1137
1113
1088
1065
1093
1115
1064
1044
1027
1066
1092
1116
1093
1072
1052
1086
1108
1133
1132
1081
1127
1126
1147
1170
1149
1181
1158
1180
1154
1175
1151
1130
1103
1128
1103
1081
1062
1094
1073
1102
1126
1148
1172
1147
1170
1191
1162
1109
1089
1112
1088
1114
1137
1160
