1040
1072
1035
1073
1098
1073
1098
1119
1148
1150
1080
1105
1078
1107
1087
1064
1048
1078
1059
1090
1070
1102
1080
1110
1133
1105
1132
1104
1129
1128
1154
1180
1153
1127
1125
1149
1176
1201
1176
1196
1224
1167
1192
1221
1194
1215
1218
1241
1212
1234
1258
1170
1148
1170
1194
1173
1198
1227
1204
1232
1203
1176
1156
1128
1106
1084
1108
1129
1154
1126
1105
1107
1130
1155
1130
1154
1181
1210
1232
1204
1176
1201
1174
1200
1180
1156
1135
1162
1185
1212
1240
1215
1188
1216
1187
1121
1145
1146
1125
1149
1148
1103
1126
1132
1180
1150
1146
1168
1144
1116
1086
1138
1115
1140
1116
1138
1111
1139
1161
1136
1162
1140
1136
1158
1180
1205
1180
1156
1182
1153
1179
1157
1184
1212
1204
1231
1254
1227
1252
1273
1249
1221
1197
1218
1242
1266
1245
1198
1172
1195
1170
1143
1114
1087
1112
1059
1088
1066
1090
1064
1047
1079
1059
1043
1072
1099
1125
1149
1125
1097
1073
1052
1080
1040
1097
1099
1125
1102
1130
1158
1131
1106
1085
1040
1070
1099
1123
1143
1145
1121
1143
1123
1072
1099
1126
1098
1128
1097
1102
1129
1107
1111
1139
1165
1165
1142
1114
1139
1115
1142
1165
1141
1164
1185
1226
1248
1278
1225
