1040
1024
1062
1111
1135
1111
1136
1158
1183
1153
1180
1179
1157
1135
1109
1135
1143
1165
1191
1168
1192
1163
1185
1207
1182
1159
1189
1156
1199
1172
1147
1123
1145
1117
1143
1119
1172
1193
1166
1188
1185
1213
1190
1213
1239
1219
1193
1172
1149
1172
1194
1165
1211
1234
1205
1183
1156
1132
1105
1134
1107
1079
1105
1129
1155
1129
1127
1152
1123
1153
1172
1145
1146
1092
1106
1086
1108
1134
1112
1087
1065
1116
1136
1111
1133
1107
1133
1106
1083
1111
1133
1154
1131
1152
1173
1196
1152
1177
1198
1170
1192
1217
1196
1173
1197
1170
1145
1172
1200
1226
1271
1241
1267
1239
1209
1232
1211
1184
1157
1139
1116
1089
1064
1046
1075
1054
1083
1112
1135
1160
1139
1112
1137
1115
1087
1068
1096
1073
1052
1087
1138
1162
1134
1163
1184
1163
1188
1211
1183
1210
1231
1209
1192
1220
1163
1190
1219
1192
1166
1168
1190
1160
1134
1110
1127
1155
1180
1158
1133
1110
1113
1135
1114
1090
1116
1091
1116
1168
1197
1174
1197
1223
1219
1194
1218
1193
1168
1150
1125
1104
1083
1043
1075
1086
1116
1094
1121
1118
1141
1113
1141
1167
1139
1116
1095
1120
1094
1122
1116
1140
