1040
1025
1010
1001
1044
1082
1061
1042
1073
1080
1059
1074
1105
1082
1087
1063
1094
1070
1096
1069
1097
1123
1096
1118
1073
1103
1076
1055
1090
1063
1045
1080
1106
1086
1117
1144
1165
1187
1215
1240
1219
1193
1166
1190
1164
1141
1120
1090
1066
1029
1003
1046
1031
1069
1047
1031
1066
1097
1123
1098
1075
1052
1036
1072
1102
1126
1150
1172
1171
1146
1095
1120
1096
1069
1050
1078
1104
1076
1102
1081
1111
1087
1114
1085
1116
1140
1114
1135
1112
1134
1108
1081
1061
1042
1080
1087
1116
1144
1165
1137
1165
1142
1162
1189
1211
1183
1206
1186
1162
1135
1111
1139
1113
1106
1077
1038
1069
1050
1033
1068
1099
1077
1102
1130
1153
1128
1099
1126
1106
1082
1060
1096
1123
1149
1177
1151
1180
1154
1129
1104
1080
1109
1137
1115
1087
1115
1139
1113
1137
1163
1184
1160
1134
1161
1186
1166
1193
1124
1150
1127
1149
1128
1100
1078
1106
1083
1109
1131
1109
1157
1130
1152
1177
1126
1103
1129
1107
1134
1156
1179
1159
1157
1130
1151
1181
1184
1157
1182
1153
1129
1133
1130
1108
1132
1162
1141
1164
1186
1207
1181
1152
1106
1084
1112
1131
1154
1183
1203
1224
1199
